4.627823334037142189e+00
4.262375747917187319e+00
3.987519260488546102e+00
3.408359656072059707e+00
3.111848053298713612e+00
3.033195754387539633e+00
3.113649658296348210e+00
3.141881780272871794e+00
3.124750595662622921e+00
3.165677080708941382e+00
3.201544603592479721e+00
3.240253296086715196e+00
3.312583946098582643e+00
3.322218097982431839e+00
3.281339553602597547e+00
3.283804841514371464e+00
3.277192924521879380e+00
3.270769747922459114e+00
3.270088769106443749e+00
3.243587728185856278e+00
3.207567318676461277e+00
3.171161376090656070e+00
3.173535054768966912e+00
3.202585623532504311e+00
3.219962041893500881e+00
3.224474469357242690e+00
3.240802731056407371e+00
3.264448177783124905e+00
3.238980905322309312e+00
3.213395813289920966e+00
3.212689253828987734e+00
3.208509221372825237e+00
3.222056546592623860e+00
3.225732895763250951e+00
3.207873153543044697e+00
3.197021694772701927e+00
3.173117150044606039e+00
3.179624458062592307e+00
3.189040616739810208e+00
3.173831151013010832e+00
3.172448384546691535e+00
3.214867816681645341e+00
3.227072297508651211e+00
3.225013074148484815e+00
3.230792879873617185e+00
3.254982157256911091e+00
3.251486063554109851e+00
3.256772486446732895e+00
3.278281353841235646e+00
3.289303324333917811e+00
3.266873790622678353e+00
3.251750093807608710e+00
3.270856876019373694e+00
3.296233624457223677e+00
3.301327995102712354e+00
3.282387414112476698e+00
3.293727056937417519e+00
3.321940267235232724e+00
3.330460778431852731e+00
3.333257974590714934e+00
3.319165221910710173e+00
3.341550452828120132e+00
3.351224610585795016e+00
3.345662229280089495e+00
3.334414943899948636e+00
3.337390180420672703e+00
3.314349939285379687e+00
3.299782817268832158e+00
3.316388519330955464e+00
3.313650983303153552e+00
3.315027966061250275e+00
3.327885281232281667e+00
3.336983019110044246e+00
3.348900862484661456e+00
3.358829702737008205e+00
3.366233409194256954e+00
3.372869825461927373e+00
3.383734030383540592e+00
3.390008981867906890e+00
3.386754951984319639e+00
3.380086936115528573e+00
3.409548835163612512e+00
3.420542240311605475e+00
3.413098264476718935e+00
3.423710760478048787e+00
3.429867865971140795e+00
3.432065337976344388e+00
3.426196887350892784e+00
3.429745396842057925e+00
3.431753232239870499e+00
3.441277786533960104e+00
3.437159139656384976e+00
3.435664502474339965e+00
3.430662599896323606e+00
3.433373999105278074e+00
3.425412357194168145e+00
3.416858859468323129e+00
3.432361110997599773e+00
3.433728069877560962e+00
3.392282797157002872e+00
3.395216501051091740e+00
3.403928188745485972e+00
3.424243341247589445e+00
3.420935513200899614e+00
3.425132842572598424e+00
3.425735649827926554e+00
3.435317518094993083e+00
3.442206896832423535e+00
3.444760148294248037e+00
3.463740741485008989e+00
3.460409782588693695e+00
3.458522110356624157e+00
3.452942793197091298e+00
3.443213680157944268e+00
3.440260707473802970e+00
3.441675088038132380e+00
3.461234848592126934e+00
3.458221681900659927e+00
3.448075157563468718e+00
3.464301060149337363e+00
3.466834022034739338e+00
3.457588273884901309e+00
3.469384562648357484e+00
3.483385795431800602e+00
3.480002037705143714e+00
3.467512086932427184e+00
3.474391379663193113e+00
3.465661641440124008e+00
3.459047533121339502e+00
3.464742962047461905e+00
3.467702555041709989e+00
3.454652206272519344e+00
3.445742491289423004e+00
3.449626227925588040e+00
3.449608264284889092e+00
3.439024163469755369e+00
3.417668323721142709e+00
3.403356884654452852e+00
3.413877251930275580e+00
3.432024177757342809e+00
3.429691605369464380e+00
3.424595098071903099e+00
3.427211417352379552e+00
3.445020478598521230e+00
3.447563747446275251e+00
3.446922034604908980e+00
3.475622767695727866e+00
3.486543026118983146e+00
3.497823531023633414e+00
3.493539208972691323e+00
3.514161485148408204e+00
3.558428833305540717e+00
3.619221820354816987e+00
3.691922884606347210e+00
3.802559418059149099e+00
3.943682506148101119e+00
4.076111707867521083e+00
4.169666196973383698e+00
4.231660127119158510e+00
4.240698817525670350e+00
4.366906904801036049e+00
