-1.425528437695994199e+01
-1.352160667404986505e+01
-1.476634574895578389e+01
-1.510799453543303628e+01
-1.507868820714542579e+01
-1.534619533701674854e+01
-1.591699373138426310e+01
-1.634510796189589854e+01
-1.638335546875540416e+01
-1.653107156122169386e+01
-1.677198709364435913e+01
-1.709786322680669102e+01
-1.746450322952560086e+01
-1.771977486465420881e+01
-1.789384903278619632e+01
-1.799619875938956781e+01
-1.814266091797344771e+01
-1.836361685267714705e+01
-1.853840608776222254e+01
-1.865922490465158390e+01
-1.873665616692579050e+01
-1.880668303685864373e+01
-1.891159846780349341e+01
-1.904840930890313189e+01
-1.913651798669365078e+01
-1.918337914957996304e+01
-1.932113371669367652e+01
-1.943787186984548399e+01
-1.946632047293495305e+01
-1.947352566392984130e+01
-1.945475549861074782e+01
-1.944660681074510933e+01
-1.949394423643675367e+01
-1.955298568030446305e+01
-1.962237166534932342e+01
-1.969637773093096911e+01
-1.976306614576905574e+01
-1.986776357607644528e+01
-1.995368901166869691e+01
-2.005967059739102254e+01
-2.015345522218357743e+01
-2.025567127258216260e+01
-2.036697772116400884e+01
-2.040237525740297642e+01
-2.046071864979659694e+01
-2.051745684854284590e+01
-2.049339855224762630e+01
-2.052007867595145640e+01
-2.052635081474589285e+01
-2.050307217277882188e+01
-2.046396839458185113e+01
-2.045400074494195053e+01
-2.047762780905707558e+01
-2.050054024296272814e+01
-2.056426519573692957e+01
-2.059220729901559466e+01
-2.061839967704370480e+01
-2.067121361051507122e+01
-2.069499515961535963e+01
-2.068936579601162506e+01
-2.072083760757920956e+01
-2.075176791037052482e+01
-2.077863578985003912e+01
-2.077480254975588281e+01
-2.079774583167909086e+01
-2.082814945397724671e+01
-2.086123402717114672e+01
-2.090606683682696598e+01
-2.095550746640869377e+01
-2.098759574704276787e+01
-2.100409542511878769e+01
-2.099418574770512791e+01
-2.102983522550240991e+01
-2.108166435436226038e+01
-2.110180434286214890e+01
-2.111882608384184934e+01
-2.118919697428828286e+01
-2.123193131202024375e+01
-2.126544933418650274e+01
-2.133396222940459452e+01
-2.139943396508663653e+01
-2.147281576891110433e+01
-2.151455342205589361e+01
-2.155196325232394372e+01
-2.161432567878508948e+01
-2.168866719060473613e+01
-2.169021099406826636e+01
-2.168108731580856485e+01
-2.170702442919995079e+01
-2.172785647305010670e+01
-2.174793068312534672e+01
-2.180579567101639071e+01
-2.185924360341083528e+01
-2.184536738445527959e+01
-2.182099485367350766e+01
-2.180166510444395556e+01
-2.180457374974459128e+01
-2.178309070611747345e+01
-2.180117642462786876e+01
-2.183068506388929464e+01
-2.180376109503441029e+01
-2.179659774998254917e+01
-2.179727261686252149e+01
-2.180862526591204542e+01
-2.180396535113830225e+01
-2.179564053363516152e+01
-2.178853831345036696e+01
-2.178932619285262007e+01
-2.180247215795646198e+01
-2.174338962734088554e+01
-2.166459500505051139e+01
-2.170189536253261053e+01
-2.178840796485082265e+01
-2.182154562373272455e+01
-2.179771360756501863e+01
-2.182310422295986996e+01
-2.184978687429450162e+01
-2.185368453991443616e+01
-2.184277812077740322e+01
-2.180028045160997152e+01
-2.177467062739385995e+01
-2.179751348453861581e+01
-2.181494431013888402e+01
-2.180876870711904658e+01
-2.182989409919162327e+01
-2.183661362844929954e+01
-2.183374168274885463e+01
-2.182010026979760298e+01
-2.183065141596858183e+01
-2.182891196604506590e+01
-2.178421719826721770e+01
-2.180033343634318399e+01
-2.182080046133907558e+01
-2.179521073053006575e+01
-2.178357659639853239e+01
-2.178812252151125506e+01
-2.178725502707333916e+01
-2.177669563703073052e+01
-2.179625897086694764e+01
-2.179590079627614330e+01
-2.176525141720815881e+01
-2.179666336639914803e+01
-2.184385088749981918e+01
-2.184569862312363853e+01
-2.184995558229317325e+01
-2.185423462374159342e+01
-2.187757988711902968e+01
-2.190642136879030843e+01
-2.192276858108118631e+01
-2.197032695424127269e+01
-2.197915534897724044e+01
-2.203191448400878727e+01
-2.218341986340939798e+01
-2.231859015019117720e+01
-2.249392544673723293e+01
-2.269938623356696894e+01
-2.286682917854048824e+01
-2.294014259776811215e+01
-2.300970892068734486e+01
-2.306309348355031830e+01
-2.432077496710043008e+01
